lr0: 0.0143
lrf: 0.191
momentum: 0.93
weight_decay: 0.00059
warmup_epochs: 2.735
warmup_momentum: 0.6816
warmup_bias_lr: 0.08707
box: 0.0439
cls: 0.678
cls_pw: 1.115
obj: 1.171
obj_pw: 0.9929
iou_t: 0.2
anchor_t: 4.324
anchors: 4.32
fl_gamma: 0.0
hsv_h: 0.01331
hsv_s: 0.621
hsv_v: 0.291
degrees: 0.0
translate: 0.1065
scale: 0.5655
shear: 0.0
perspective: 0.0
flipud: 0.0
fliplr: 0.5
mosaic: 1
mixup: 0.0
